2003-02-23,2003001,10,11,12,13,26,28,11
2003-02-27,2003002,04,09,19,20,21,26,12
2003-03-02,2003003,01,07,10,23,28,32,16
2003-03-06,2003004,04,06,07,10,13,25,03
2003-03-09,2003005,04,06,15,17,30,31,16
2003-03-13,2003006,01,03,10,21,26,27,06
2003-03-16,2003007,01,09,19,21,23,26,07
2003-03-20,2003008,05,08,09,14,17,23,08
2003-03-23,2003009,05,09,18,20,22,30,09
2003-03-27,2003010,01,02,08,13,17,24,13
2003-03-30,2003011,04,05,11,12,30,32,15
2003-04-03,2003012,02,12,16,17,27,30,12
2003-04-06,2003013,08,13,17,21,23,32,12
2003-04-10,2003014,03,05,07,08,21,31,02
2003-04-13,2003015,04,11,19,25,26,32,13
2003-04-17,2003016,11,17,28,30,31,33,06
2003-04-20,2003017,05,08,18,23,25,31,06
2003-04-24,2003018,05,16,19,20,25,28,13
2003-04-27,2003019,04,08,12,13,16,33,09
2003-05-01,2003020,07,10,25,26,27,32,04
2003-05-04,2003021,14,15,18,25,26,30,01
2003-05-08,2003022,02,07,11,12,14,32,08
2003-05-11,2003023,01,10,20,22,26,31,02
2003-05-15,2003024,02,07,15,17,22,30,14
2003-05-18,2003025,01,05,11,13,14,27,12
2003-05-22,2003026,08,13,15,26,29,31,16
2003-05-25,2003027,01,11,14,17,27,28,15
2003-05-29,2003028,06,13,16,20,28,32,07
2003-08-10,2003049,03,06,07,13,24,25,15
2003-08-14,2003050,02,08,17,23,24,26,13
2003-08-17,2003051,04,13,15,17,24,27,01
2003-08-21,2003052,01,12,13,23,30,31,11
2003-08-24,2003053,15,19,20,21,28,29,13
2003-08-28,2003054,02,05,09,21,31,33,12
2003-08-31,2003055,06,13,16,21,28,31,16
2003-09-04,2003056,08,17,21,26,28,29,07
2003-09-07,2003057,18,19,24,25,30,31,16
2003-09-11,2003058,09,11,16,28,32,33,02
2003-09-14,2003059,02,03,05,06,18,30,04
2003-09-18,2003060,02,04,06,17,21,28,11
2003-09-21,2003061,03,05,20,21,28,32,02
2003-09-25,2003062,01,06,12,19,20,32,14
2003-09-28,2003063,05,08,09,14,21,33,11
2003-10-02,2003064,04,06,08,12,15,30,01
2003-10-05,2003065,06,15,16,17,30,33,11
2003-10-09,2003066,03,07,08,20,24,32,14
2003-10-12,2003067,05,11,12,13,27,31,10
2003-10-16,2003068,09,19,25,27,32,33,11
2003-10-19,2003069,07,11,16,19,26,28,11
2003-10-23,2003070,01,02,04,17,18,19,08
2003-10-26,2003071,09,11,12,14,15,33,11
2003-10-30,2003072,03,06,08,11,19,27,11
2003-11-02,2003073,02,12,14,21,23,30,13
2003-11-06,2003074,02,12,19,22,27,32,01
2003-11-09,2003075,16,17,19,22,31,33,11
2003-11-13,2003076,01,13,16,18,20,29,02
2003-11-16,2003077,04,12,16,22,24,25,06
2003-11-20,2003078,07,12,23,26,29,30,11
2003-11-23,2003079,12,15,22,23,26,31,04
2003-11-27,2003080,09,20,24,25,28,30,10
2003-11-30,2003081,01,02,14,26,29,30,07
2003-12-04,2003082,07,17,18,19,30,31,14
2003-12-07,2003083,01,03,14,18,26,28,01
2003-12-11,2003084,02,06,07,10,17,33,03
2003-12-14,2003085,01,04,11,12,19,27,14
2003-12-18,2003086,05,12,16,18,26,30,13
2003-12-21,2003087,02,03,04,05,24,28,13
2003-12-25,2003088,03,10,21,22,24,33,12
2004-05-23,2004040,07,17,19,20,21,29,11
2004-05-27,2004041,08,10,17,22,25,29,14
2004-05-30,2004042,06,10,13,17,18,21,02
2004-06-03,2004043,04,09,10,21,22,24,10
2004-06-06,2004044,02,06,07,12,31,32,05
2004-06-10,2004045,01,12,18,26,27,28,13
2004-06-13,2004046,07,15,16,22,23,32,14
2004-06-17,2004047,01,07,08,11,27,31,06
2004-06-20,2004048,08,09,11,16,17,29,09
2004-06-24,2004049,11,12,14,16,25,29,09
2004-06-27,2004050,06,07,19,21,25,29,02
2004-07-01,2004051,02,03,09,10,15,29,11
2004-07-04,2004052,01,12,14,15,17,29,09
2004-07-08,2004053,02,03,04,09,24,25,02
2004-07-11,2004054,09,11,14,16,27,28,11
2004-07-15,2004055,06,08,19,25,29,32,07
2004-07-18,2004056,01,20,21,25,29,30,02
2004-07-22,2004057,05,21,23,25,28,32,04
2004-07-25,2004058,01,08,11,12,27,31,12
2004-07-29,2004059,04,07,11,19,23,26,10
2004-11-09,2004100,06,08,09,14,24,33,15
2004-11-11,2004101,02,09,14,19,25,26,15
2004-11-14,2004102,03,09,12,15,28,32,01
2004-11-16,2004103,02,03,05,09,16,21,02
2004-11-18,2004104,07,11,17,18,24,29,05
2004-11-21,2004105,07,09,10,21,23,30,12
2004-11-23,2004106,10,15,23,26,28,29,12
2004-11-25,2004107,01,08,12,13,18,20,07
2004-11-28,2004108,08,13,14,27,28,31,12
2004-11-30,2004109,06,08,10,17,30,31,14
2004-12-02,2004110,14,19,20,21,22,31,11
2004-12-05,2004111,11,16,18,20,26,31,02
2004-12-07,2004112,09,13,15,21,26,33,06
2004-12-09,2004113,08,10,23,25,31,32,07
2004-12-12,2004114,01,06,09,17,21,22,01
2004-12-14,2004115,02,16,20,30,31,33,01
2004-12-16,2004116,01,03,05,08,14,33,03
2004-12-19,2004117,01,03,07,14,24,25,07
2004-12-21,2004118,03,04,07,12,30,31,15
2004-12-23,2004119,06,09,18,20,25,33,06
2004-12-26,2004120,07,08,18,21,27,32,10
2004-12-28,2004121,07,13,16,18,30,32,10
2004-12-30,2004122,03,11,14,22,24,31,15
2005-01-02,2005001,01,07,08,23,27,28,14
2005-01-04,2005002,06,09,20,26,28,33,14
2005-01-06,2005003,09,12,15,19,22,31,16
2005-01-09,2005004,01,04,08,09,22,23,03
2005-01-11,2005005,05,09,20,26,28,33,15
2005-01-13,2005006,02,04,05,15,21,31,16
2005-01-16,2005007,07,15,17,20,23,33,15
2005-01-18,2005008,11,19,22,27,32,33,11
2005-01-20,2005009,02,17,22,27,29,31,14
2005-01-23,2005010,08,10,11,18,25,26,01
2005-01-25,2005011,09,11,13,15,22,30,15
2005-01-27,2005012,02,03,06,16,22,31,05
2005-01-30,2005013,07,08,16,19,20,24,06
2005-02-01,2005014,13,19,21,23,30,32,05
2005-02-03,2005015,04,08,09,16,17,29,15
2005-02-06,2005016,01,05,06,12,16,30,15
2005-02-08,2005017,02,06,10,25,27,31,03
2005-02-17,2005018,01,03,06,22,23,25,06
2005-02-20,2005019,06,11,12,13,19,22,08
2005-02-22,2005020,14,16,19,20,25,29,05
2005-02-24,2005021,02,06,24,26,30,31,16
2005-02-27,2005022,08,10,12,21,32,33,04
2005-03-01,2005023,10,15,19,20,21,25,12
2005-03-03,2005024,05,09,14,27,31,32,13
2005-03-06,2005025,01,07,10,11,13,32,07
2005-03-08,2005026,06,12,14,20,25,26,07
2005-03-10,2005027,01,03,04,06,21,32,15
2005-03-13,2005028,04,09,22,25,26,32,10
2005-03-15,2005029,02,14,21,22,27,30,14
2005-03-17,2005030,01,05,09,14,22,28,05
2005-03-20,2005031,04,10,16,20,23,32,07
2005-03-22,2005032,05,15,19,20,25,29,03
2005-03-24,2005033,07,08,12,14,19,20,07
2005-03-27,2005034,05,17,18,25,28,32,09
2005-03-29,2005035,12,16,21,28,29,30,14
2005-03-31,2005036,12,19,20,21,26,31,15
2005-04-03,2005037,07,12,14,22,24,32,16
2005-04-05,2005038,04,07,11,20,27,28,16
2005-04-07,2005039,02,16,18,19,21,29,09
2005-04-10,2005040,01,12,21,24,30,32,13
2005-04-12,2005041,02,11,16,23,24,29,03
2005-04-14,2005042,11,16,21,26,27,30,15
2005-04-17,2005043,04,05,06,07,08,32,05
2005-04-19,2005044,01,06,16,17,18,22,09
2005-04-21,2005045,01,07,10,15,18,20,10
2005-04-24,2005046,09,16,18,20,22,24,05
2005-04-26,2005047,02,03,05,07,08,27,15
2005-04-28,2005048,06,07,08,10,16,28,02
2005-05-01,2005049,02,03,08,10,25,27,12
2005-05-03,2005050,02,09,12,20,26,32,13
2005-05-05,2005051,03,06,14,19,20,21,02
2005-05-08,2005052,01,02,14,17,30,32,01
2005-05-10,2005053,04,07,10,14,27,29,09
2005-05-12,2005054,05,13,17,18,21,29,14
2005-05-15,2005055,05,20,22,30,32,33,09
2005-05-17,2005056,12,17,19,27,29,31,09
2005-05-19,2005057,05,06,10,15,30,31,13
2005-05-22,2005058,04,06,10,21,25,26,10
2005-05-24,2005059,07,11,14,18,24,29,07
2005-05-26,2005060,09,12,21,25,31,33,13
2005-05-29,2005061,05,09,14,21,23,24,01
2005-05-31,2005062,02,07,11,12,20,23,07
2005-06-02,2005063,02,11,13,18,22,30,04
2005-06-04,2005064,10,18,23,27,30,32,08
2005-06-07,2005065,12,16,17,21,22,23,16
2005-06-09,2005066,02,04,10,11,25,28,05
2005-06-12,2005067,03,12,16,20,21,26,16
2005-06-14,2005068,01,08,10,13,25,33,13
2005-06-16,2005069,07,09,21,24,31,33,12
2005-06-19,2005070,03,04,08,14,16,26,04
2005-06-21,2005071,04,08,12,14,16,22,10
2005-06-23,2005072,06,10,19,20,24,33,11
2005-06-26,2005073,01,06,08,09,18,20,01
2005-06-28,2005074,06,09,18,20,26,29,09
2005-06-30,2005075,11,13,14,16,18,31,14
2005-07-03,2005076,04,09,11,22,25,28,13
2005-07-05,2005077,08,17,22,24,32,33,16
2005-07-07,2005078,03,11,15,20,26,32,11
2005-07-10,2005079,03,09,20,24,25,28,05
2005-07-12,2005080,01,12,14,26,27,32,16
2005-07-14,2005081,02,04,10,12,26,30,03
2005-07-17,2005082,01,07,11,14,19,20,12
2005-07-19,2005083,03,05,09,14,16,30,13
2005-07-21,2005084,01,02,07,15,19,20,03
2005-07-24,2005085,08,09,13,14,20,22,12
2005-07-26,2005086,07,11,12,24,27,29,12
2005-07-28,2005087,08,09,15,16,23,26,08
2005-07-31,2005088,01,03,07,18,20,24,07
2005-08-02,2005089,05,19,20,23,26,31,12
2005-08-04,2005090,01,09,21,25,29,32,03
2005-08-07,2005091,01,11,12,15,26,27,13
2005-08-09,2005092,08,13,19,26,28,31,10
2005-08-11,2005093,04,06,17,23,25,29,14
2005-08-14,2005094,03,05,09,23,27,33,03
2005-08-16,2005095,09,12,18,21,28,29,05
2005-08-18,2005096,04,05,17,18,26,33,04
2005-08-21,2005097,05,10,23,27,28,30,15
2005-11-24,2005138,03,05,06,11,20,22,13
2005-11-27,2005139,02,07,20,23,32,33,10
2005-11-29,2005140,04,06,07,08,12,17,07
2005-12-01,2005141,03,05,08,12,16,19,15
2005-12-04,2005142,07,10,12,17,22,29,05
2005-12-06,2005143,03,10,15,17,20,32,08
2005-12-08,2005144,01,08,14,15,19,27,09
2005-12-11,2005145,03,07,08,17,20,28,15
2005-12-13,2005146,07,11,19,20,24,28,02
2005-12-15,2005147,06,07,15,27,28,30,10
2005-12-18,2005148,03,15,17,23,24,29,13
2005-12-20,2005149,11,16,21,23,25,32,07
2005-12-22,2005150,03,07,10,14,18,20,02
2005-12-25,2005151,04,11,12,13,19,30,05
2005-12-27,2005152,01,05,12,14,21,27,03
2005-12-29,2005153,04,05,07,21,26,29,01
2006-01-01,2006001,01,12,15,19,21,28,03
2006-01-03,2006002,07,13,16,21,26,28,09
2006-01-05,2006003,02,04,05,06,16,20,12
2006-01-08,2006004,04,08,17,27,28,31,07
2015-04-19,2015044,02,03,04,13,14,16,02
2015-04-21,2015045,01,05,13,22,30,31,07
2015-04-23,2015046,05,07,10,14,23,31,01
2015-04-26,2015047,02,03,20,24,26,27,09
2015-04-28,2015048,13,16,17,22,25,27,10
2015-04-30,2015049,07,12,14,17,20,23,05
2015-05-03,2015050,03,09,12,16,17,31,04
2015-05-05,2015051,04,10,24,26,28,32,09
2015-05-07,2015052,02,04,11,16,25,26,12
2015-05-10,2015053,03,07,17,22,32,33,10
2015-05-12,2015054,01,02,07,10,22,26,07
2015-05-14,2015055,01,10,15,18,19,28,02
2015-05-17,2015056,01,07,08,16,18,20,14
2015-05-19,2015057,09,20,24,25,26,32,04
2015-05-21,2015058,02,09,10,18,19,20,15
2015-05-24,2015059,02,06,09,16,25,32,14
2015-05-26,2015060,01,03,18,27,31,32,13
2015-05-28,2015061,06,18,22,26,32,33,04
2015-05-31,2015062,09,14,15,18,21,26,16
2015-06-02,2015063,01,07,09,16,22,32,12
2015-09-06,2015104,09,18,21,23,25,26,01
2015-09-08,2015105,09,10,16,19,20,26,12
2015-09-10,2015106,01,03,04,23,31,32,13
2015-09-13,2015107,07,14,16,18,21,25,08
2015-09-15,2015108,02,12,19,22,24,27,15
2015-09-17,2015109,01,08,09,16,32,33,13
2015-09-20,2015110,05,07,16,17,22,23,04
2015-09-22,2015111,08,14,16,18,20,30,12
2015-09-24,2015112,01,03,10,19,20,27,11
2015-09-27,2015113,01,05,07,08,19,27,12
2015-09-29,2015114,04,07,09,13,21,26,01
2015-10-01,2015115,01,07,08,14,24,32,03
2015-10-04,2015116,04,06,15,23,26,28,11
2015-10-06,2015117,04,11,12,18,26,32,12
2015-10-08,2015118,01,04,11,21,23,31,12
2015-10-11,2015119,02,08,10,18,23,31,08
2015-10-13,2015120,16,21,24,26,27,29,16
2015-10-15,2015121,01,03,20,21,28,29,12
2015-10-18,2015122,05,07,11,16,22,25,07
2015-10-20,2015123,05,08,09,12,22,28,07
2015-10-22,2015124,02,03,05,12,18,27,01
2015-10-25,2015125,05,13,22,27,30,33,10
2015-10-27,2015126,10,11,15,20,23,29,12
2015-10-29,2015127,07,10,19,22,27,33,06
2015-11-01,2015128,01,03,08,11,22,28,06
2015-11-03,2015129,05,08,11,16,18,27,04
2015-11-05,2015130,06,14,15,16,17,22,10
2015-11-08,2015131,10,12,13,19,22,26,03
2015-11-10,2015132,03,05,11,28,30,33,01
2015-11-12,2015133,02,03,13,20,22,24,15
2015-11-15,2015134,02,05,14,19,27,31,04
2015-11-17,2015135,01,12,14,18,26,32,07
2015-11-19,2015136,02,05,12,23,28,29,01
2015-11-22,2015137,14,22,23,27,28,31,12
2015-11-24,2015138,01,02,08,16,19,24,11
2015-11-26,2015139,01,10,13,18,25,27,09
2015-11-29,2015140,06,20,28,29,30,31,12
2015-12-01,2015141,03,08,19,25,27,28,02
2015-12-03,2015142,13,17,19,20,22,25,11
2015-12-06,2015143,13,15,19,20,21,32,04
2015-12-08,2015144,01,04,07,15,28,32,16
2015-12-10,2015145,07,08,15,19,20,24,13
2015-12-13,2015146,16,17,21,28,30,32,15
2015-12-15,2015147,08,09,16,23,24,30,05
2015-12-17,2015148,09,13,14,22,26,27,07
2015-12-20,2015149,09,10,20,21,22,33,09
2015-12-22,2015150,01,03,08,11,29,31,13
2015-12-24,2015151,05,06,08,23,31,32,11
2015-12-27,2015152,11,18,19,21,29,32,12
2015-12-29,2015153,08,11,15,22,27,29,03
2015-12-31,2015154,07,09,11,15,18,25,07
2016-01-03,2016001,06,13,16,18,20,22,13
2016-01-05,2016002,09,14,17,20,24,30,16
2016-01-07,2016003,01,10,14,23,26,28,01
2016-01-10,2016004,08,10,17,22,25,33,12
2016-01-12,2016005,11,14,18,20,31,33,14
2016-01-14,2016006,13,16,18,20,28,31,12
2016-01-17,2016007,05,12,14,20,27,29,06
2016-01-19,2016008,02,15,24,29,32,33,02
2016-01-21,2016009,10,14,24,25,27,32,04
2016-03-17,2016030,10,14,19,22,25,29,12
2016-03-20,2016031,03,08,10,19,26,33,03
2016-03-22,2016032,08,12,14,15,21,27,15
2016-03-24,2016033,06,17,18,20,27,29,15
2016-03-27,2016034,03,15,21,22,23,28,15
2016-03-29,2016035,04,13,19,20,26,29,11
2016-03-31,2016036,03,04,07,09,20,22,03
2016-04-03,2016037,06,15,26,31,32,33,16
2016-04-05,2016038,03,12,13,22,28,29,03
2016-04-07,2016039,01,03,07,18,19,27,16
2016-04-10,2016040,03,13,19,20,23,26,03
2016-04-12,2016041,12,17,18,21,22,24,04
2016-04-14,2016042,07,14,17,23,26,31,09
2016-04-17,2016043,05,14,20,26,30,33,12
2016-04-19,2016044,01,03,10,12,18,30,01
2016-04-21,2016045,04,09,12,17,30,32,03
2016-04-24,2016046,07,20,25,26,27,30,14
2016-04-26,2016047,02,05,08,15,17,22,16
2016-04-28,2016048,03,08,13,14,15,30,04
2016-05-01,2016049,06,08,13,14,22,27,10
2017-04-02,2017037,11,15,20,22,25,30,05
2017-04-04,2017038,01,04,08,13,24,27,05
2017-04-06,2017039,02,04,12,14,17,24,15
2017-04-09,2017040,15,19,23,28,29,33,04
2017-04-11,2017041,04,10,13,15,22,27,04
2017-04-13,2017042,01,02,04,07,10,23,04
2017-04-16,2017043,08,13,16,23,27,31,08
2017-04-18,2017044,08,16,19,21,31,32,06
2017-04-20,2017045,05,07,16,20,21,25,05
2017-04-23,2017046,04,13,14,23,26,32,10
2017-04-25,2017047,02,05,08,10,32,33,02
2017-04-27,2017048,05,08,09,14,15,19,07
2017-04-30,2017049,01,08,14,15,20,29,10
2017-05-02,2017050,10,12,20,24,27,29,07
2017-05-04,2017051,02,05,09,15,24,25,11
2017-05-07,2017052,07,08,18,24,29,31,07
2017-05-09,2017053,04,09,11,15,29,31,06
2017-05-11,2017054,02,03,09,23,28,33,08
2017-05-14,2017055,07,12,13,20,24,31,05
2017-05-16,2017056,13,14,18,19,21,28,06
2017-05-18,2017057,18,20,22,23,30,31,16
2017-05-21,2017058,01,09,13,22,28,32,11
2017-05-23,2017059,04,08,09,15,19,25,09
2017-05-25,2017060,05,10,13,24,26,31,04
2017-05-28,2017061,06,07,12,20,26,27,11
2017-05-30,2017062,01,07,22,24,26,31,10
2017-06-01,2017063,12,16,20,22,25,31,04
2017-06-04,2017064,02,10,16,22,24,28,15
2017-06-06,2017065,02,05,08,10,12,21,07
2017-06-08,2017066,01,04,06,17,19,26,03
2017-06-11,2017067,01,03,04,10,18,29,04
2017-06-13,2017068,02,06,10,22,30,31,15
2017-06-15,2017069,02,11,12,23,29,31,05
2017-06-18,2017070,01,06,14,22,25,26,12
2017-06-20,2017071,02,03,06,14,31,32,03
2017-06-22,2017072,06,11,14,23,26,30,02
2017-06-25,2017073,03,06,16,23,26,30,14
2017-06-27,2017074,02,06,16,23,30,31,02
2017-06-29,2017075,01,03,06,19,21,29,07
2017-07-02,2017076,01,04,08,09,14,15,13
2017-10-05,2017117,01,02,08,11,14,21,09
2017-10-08,2017118,08,09,15,22,30,33,16
2017-10-10,2017119,09,16,21,25,26,31,14
2017-10-12,2017120,08,10,15,19,23,28,16
2017-10-15,2017121,11,18,19,22,24,32,07
2017-10-17,2017122,11,20,21,22,24,27,15
2017-10-19,2017123,04,05,06,11,21,31,10
2017-10-22,2017124,02,06,11,26,28,29,03
2017-10-24,2017125,01,14,23,25,29,30,03
2017-10-26,2017126,01,16,17,21,27,30,16
2017-10-29,2017127,14,15,21,24,27,32,12
2017-10-31,2017128,02,06,13,22,29,31,08
2017-11-02,2017129,05,06,09,14,21,33,02
2017-11-05,2017130,05,13,14,23,25,31,02
2017-11-07,2017131,01,07,10,11,26,27,11
2017-11-09,2017132,02,03,05,09,13,28,11
2017-11-12,2017133,06,15,17,18,23,30,11
2017-11-14,2017134,04,05,11,14,28,32,04
2017-11-16,2017135,01,06,07,14,18,26,16
2017-11-19,2017136,03,07,10,18,21,24,12
2018-03-01,2018023,12,15,16,21,26,29,16
2018-03-04,2018024,11,19,22,26,31,32,02
2018-03-06,2018025,04,13,16,19,21,25,14
2018-03-08,2018026,04,07,12,14,26,32,04
2018-03-11,2018027,02,07,09,14,18,28,05
2018-03-13,2018028,03,08,11,14,18,23,16
2018-03-15,2018029,01,02,09,14,22,25,05
2018-03-18,2018030,13,14,20,21,25,33,07
2018-03-20,2018031,02,16,18,19,27,30,14
2018-03-22,2018032,21,22,23,24,25,32,06
2018-03-25,2018033,04,19,20,22,28,33,06
2018-03-27,2018034,01,05,11,22,23,26,15
2018-03-29,2018035,07,10,11,17,23,28,15
2018-04-01,2018036,08,17,24,26,28,33,04
2018-04-03,2018037,01,06,07,08,27,30,10
2018-04-05,2018038,15,23,24,25,28,29,09
2018-04-08,2018039,08,12,18,19,23,32,03
2018-04-10,2018040,01,03,08,13,18,23,16
2018-04-12,2018041,07,08,20,23,24,32,13
2018-04-15,2018042,06,10,21,28,29,31,12
2018-04-17,2018043,01,04,06,08,21,24,07
2018-04-19,2018044,05,09,12,17,27,30,06
2018-04-22,2018045,03,04,06,25,26,30,01
2018-04-24,2018046,10,13,14,18,20,31,03
2018-04-26,2018047,06,07,12,16,22,25,07
2018-04-29,2018048,01,12,20,25,30,31,02
2018-05-01,2018049,01,03,04,11,19,23,02
2018-05-03,2018050,01,02,04,10,18,19,07
2018-05-06,2018051,05,07,20,23,27,31,04
2018-05-08,2018052,03,05,06,09,15,32,14
2018-05-10,2018053,01,04,10,11,14,27,06
2018-05-13,2018054,04,06,18,22,25,33,16
2018-05-15,2018055,07,09,10,12,22,26,07
2018-05-17,2018056,01,03,06,20,21,26,01
2018-05-20,2018057,05,15,17,19,20,30,13
2018-05-22,2018058,07,12,13,16,26,31,07
2018-05-24,2018059,04,06,08,13,22,32,11
2018-05-27,2018060,04,08,13,25,30,31,10
2018-05-29,2018061,09,10,11,12,18,23,07
2018-05-31,2018062,02,18,19,24,25,33,11
2018-06-03,2018063,05,06,10,16,20,25,12
2018-06-05,2018064,02,05,10,11,17,21,05
2018-06-07,2018065,01,04,06,14,28,33,01
2018-06-10,2018066,09,16,17,19,22,26,10
2018-06-12,2018067,01,04,09,12,15,18,05
2018-06-14,2018068,08,10,17,20,27,30,01
2018-06-17,2018069,06,13,17,19,23,31,12
2018-06-19,2018070,04,09,15,16,19,27,10
2018-06-21,2018071,02,05,06,13,16,19,03
2018-06-24,2018072,11,16,19,22,25,30,08
2018-06-26,2018073,02,09,14,15,16,23,10
2018-06-28,2018074,09,11,14,20,27,30,09
2018-07-01,2018075,07,09,12,13,22,24,11
2018-07-03,2018076,03,07,08,15,29,30,13
2018-07-05,2018077,02,05,09,15,20,24,10
2018-07-08,2018078,03,10,14,17,18,30,12
2018-07-10,2018079,14,15,17,22,24,29,13
2018-07-12,2018080,04,07,13,20,29,33,03
2018-07-15,2018081,01,02,12,16,20,26,03
2018-07-17,2018082,06,12,14,20,22,24,09
2018-12-06,2018143,04,06,15,28,32,33,14
2018-12-09,2018144,08,13,17,18,20,27,13
2018-12-11,2018145,03,09,13,22,23,25,06
2018-12-13,2018146,02,10,11,17,18,29,16
2018-12-16,2018147,03,15,17,23,27,30,11
2018-12-18,2018148,03,06,18,19,21,31,01
2018-12-20,2018149,01,07,08,10,12,24,01
2018-12-23,2018150,06,08,15,19,20,31,05
2018-12-25,2018151,05,15,19,25,26,29,15
2018-12-27,2018152,04,14,16,23,28,29,03
2018-12-30,2018153,01,07,17,23,25,31,11
2019-01-01,2019001,06,10,13,15,32,33,15
2019-01-03,2019002,04,05,06,08,09,18,11
2019-01-06,2019003,13,17,20,21,22,27,01
2019-01-08,2019004,08,12,16,19,26,32,03
2019-01-10,2019005,21,22,26,28,31,32,07
2019-01-13,2019006,01,05,10,19,26,28,12
2019-01-15,2019007,06,10,14,15,19,23,15
2019-01-17,2019008,02,06,09,13,28,32,12
2019-01-20,2019009,01,07,10,22,31,32,15
2019-01-22,2019010,02,04,05,08,11,30,02
2019-01-24,2019011,10,13,19,21,24,30,07
2019-01-27,2019012,07,10,21,23,31,33,14
2019-01-29,2019013,05,07,14,16,18,21,01
2019-01-31,2019014,01,02,03,14,19,33,03
2019-02-03,2019015,11,15,16,20,24,31,04
2019-02-12,2019016,05,07,09,11,19,25,05
2019-02-14,2019017,04,05,24,28,30,33,09
2019-02-17,2019018,04,11,18,19,26,32,04
2019-02-19,2019019,03,11,17,18,24,25,06
2019-02-21,2019020,02,12,13,23,27,28,12
2019-02-24,2019021,02,05,07,08,20,27,04
2019-02-26,2019022,03,07,11,21,30,33,07
2019-02-28,2019023,01,10,14,15,18,31,13
2019-03-03,2019024,01,08,23,25,28,29,10
2019-03-05,2019025,15,16,21,27,30,33,04
2019-03-07,2019026,03,13,15,19,20,27,14
2019-03-10,2019027,02,06,08,10,11,17,13
2019-03-12,2019028,04,19,22,26,29,30,11
2019-03-14,2019029,08,11,17,23,32,33,10
2019-09-19,2019110,01,18,22,26,27,28,08
2019-09-22,2019111,07,18,20,22,24,33,01
2019-09-24,2019112,03,12,14,17,23,27,01
2019-09-26,2019113,01,05,19,21,25,33,15
2019-09-29,2019114,02,04,09,11,12,30,01
2019-10-08,2019115,04,10,11,14,15,29,05
2019-10-10,2019116,01,08,09,13,16,33,01
2019-10-13,2019117,03,05,11,28,32,33,01
2019-10-15,2019118,12,14,15,25,28,31,04
2019-10-17,2019119,04,20,22,24,26,33,07
2019-10-20,2019120,10,12,27,31,32,33,03
2019-10-22,2019121,02,06,15,21,30,31,02
2019-10-24,2019122,04,10,15,19,21,23,02
2019-10-27,2019123,02,06,08,17,28,30,06
2019-10-29,2019124,04,09,30,31,32,33,01
2019-10-31,2019125,02,11,12,26,27,29,03
2019-11-03,2019126,02,14,17,29,32,33,16
2019-11-05,2019127,02,06,07,12,17,24,10
2019-11-07,2019128,03,08,12,16,17,19,08
2019-11-10,2019129,03,04,07,09,15,26,07
2019-11-12,2019130,01,07,09,11,24,32,16
2019-11-14,2019131,09,17,19,20,24,31,04
2019-11-17,2019132,04,06,11,14,19,33,07
2019-11-19,2019133,03,07,16,21,24,31,07
2019-11-21,2019134,01,04,06,22,29,30,03
2019-11-24,2019135,03,06,10,11,27,33,03
2019-11-26,2019136,12,14,15,17,29,33,12
2019-11-28,2019137,07,10,13,19,23,31,06
2019-12-01,2019138,02,06,12,30,31,32,11
2019-12-03,2019139,08,14,20,23,30,33,11
2019-12-05,2019140,02,04,09,11,14,22,05
2019-12-08,2019141,10,13,14,15,17,33,14
2019-12-10,2019142,08,14,24,27,29,33,09
2019-12-12,2019143,05,13,15,16,26,32,09
2019-12-15,2019144,02,12,15,19,27,30,03
2019-12-17,2019145,01,08,13,17,18,19,16
2019-12-19,2019146,01,04,10,12,30,32,14
2019-12-22,2019147,01,09,12,14,23,27,12
2019-12-24,2019148,09,10,13,20,26,27,08
2019-12-26,2019149,01,06,27,28,31,33,07
2019-12-29,2019150,02,09,14,22,27,29,02
2019-12-31,2019151,02,06,09,18,24,26,14
2020-01-02,2020001,02,15,23,26,29,30,02
2020-01-05,2020002,04,09,14,15,16,29,11
2020-01-07,2020003,09,17,26,29,30,32,03
2020-01-09,2020004,02,15,17,27,32,33,03
2020-01-12,2020005,11,16,17,22,26,32,04
2020-01-14,2020006,03,04,05,10,16,32,09
2020-01-16,2020007,05,12,17,20,25,31,10
2020-01-19,2020008,01,04,06,10,11,28,16
2020-01-21,2020009,03,06,08,14,19,26,12
2020-03-12,2020010,11,14,22,27,31,32,09
2020-03-15,2020011,04,05,07,17,18,29,01
2020-03-17,2020012,04,13,14,23,26,31,09
2020-03-19,2020013,02,08,10,20,21,30,14
2020-03-22,2020014,02,07,08,10,12,16,07
2020-03-24,2020015,08,09,22,24,30,33,01
2020-03-26,2020016,05,06,08,17,24,27,07
2020-03-29,2020017,02,04,07,15,20,27,04
2020-03-31,2020018,05,07,08,11,17,22,13
2020-05-19,2020039,02,09,10,11,16,29,02
2020-05-21,2020040,01,06,12,16,19,21,04
2020-05-24,2020041,06,07,16,22,24,25,13
2020-05-26,2020042,02,06,07,11,14,31,03
2020-05-28,2020043,01,11,24,25,27,30,07
2020-05-31,2020044,07,08,16,17,19,24,07
2020-06-02,2020045,02,03,15,21,22,33,16
2020-06-04,2020046,13,19,25,26,27,32,08
2020-06-07,2020047,04,10,17,19,28,32,01
2020-06-09,2020048,12,14,18,23,30,32,02
2020-06-11,2020049,01,07,09,12,18,22,04
2020-06-14,2020050,04,09,17,20,32,33,15
2020-06-16,2020051,03,06,08,11,19,28,08
2020-06-18,2020052,02,08,13,29,32,33,15
2020-06-21,2020053,02,14,15,16,32,33,01
2020-06-23,2020054,03,10,19,25,26,31,02
2020-06-25,2020055,01,05,07,23,28,30,12
2020-06-28,2020056,02,05,08,12,26,31,14
2020-06-30,2020057,09,14,21,23,26,32,03
2020-07-02,2020058,01,03,11,12,19,26,07
2020-10-11,2020099,05,06,11,12,15,30,12
2020-10-13,2020100,01,07,15,16,20,23,07
2020-10-15,2020101,10,17,24,25,28,30,15
2020-10-18,2020102,09,10,19,25,26,29,08
2020-10-20,2020103,04,09,10,22,28,32,08
2020-10-22,2020104,04,08,10,16,27,29,09
2020-10-25,2020105,06,14,19,20,22,24,01
2020-10-27,2020106,02,04,11,15,18,28,10
2020-10-29,2020107,03,09,11,24,25,28,16
2020-11-01,2020108,10,12,15,17,23,32,05
2020-11-03,2020109,06,13,16,20,23,32,13
2020-11-05,2020110,02,06,09,14,22,25,04
2020-11-08,2020111,06,09,17,22,24,26,16
2020-11-10,2020112,02,09,12,17,28,32,05
2020-11-12,2020113,01,03,07,10,22,32,11
2020-11-15,2020114,01,05,11,24,30,32,03
2020-11-17,2020115,01,04,12,20,25,32,02
2020-11-19,2020116,05,06,14,16,19,27,10
2020-11-22,2020117,07,08,09,10,16,27,07
2020-11-24,2020118,11,13,19,26,30,33,05
2020-11-26,2020119,01,09,22,28,32,33,15
2020-11-29,2020120,01,02,03,04,09,10,12
2020-12-01,2020121,02,04,06,21,25,29,03
2020-12-03,2020122,12,15,17,24,26,31,15
2020-12-06,2020123,01,03,18,19,26,29,03
2020-12-08,2020124,16,18,19,20,29,33,12
2020-12-10,2020125,05,12,16,26,30,31,13
2020-12-13,2020126,03,07,12,14,23,28,11
2020-12-15,2020127,01,04,18,19,26,31,07
2020-12-17,2020128,08,10,15,16,23,26,10
2020-12-20,2020129,01,02,05,15,28,33,04
2020-12-22,2020130,08,09,11,14,17,29,16
2020-12-24,2020131,08,19,22,26,27,30,07
2020-12-27,2020132,01,04,11,12,14,23,04
2020-12-29,2020133,03,19,22,23,27,29,07
2020-12-31,2020134,02,09,10,20,22,26,01
2021-01-03,2021001,02,03,13,18,20,31,11
2021-01-05,2021002,06,10,13,25,26,32,11
2021-01-07,2021003,06,09,16,18,22,29,11
2021-01-10,2021004,02,03,07,08,17,22,15
2021-01-12,2021005,07,09,14,26,30,31,04
2021-01-14,2021006,06,08,22,24,25,26,01
2021-01-17,2021007,02,04,12,21,25,32,16
2021-01-19,2021008,01,05,07,14,18,33,07
2021-01-21,2021009,02,04,07,24,25,32,13
2021-01-24,2021010,01,04,11,19,32,33,05
2021-01-26,2021011,05,10,16,23,27,33,14
2021-01-28,2021012,03,06,14,18,20,26,01
2021-01-31,2021013,06,09,12,16,27,31,06
2021-02-02,2021014,04,15,21,25,29,33,06
2021-02-04,2021015,06,14,16,26,28,29,07
2021-02-07,2021016,03,08,09,13,15,18,10
2021-02-21,2021017,09,15,18,29,32,33,02
2021-02-23,2021018,02,08,14,23,25,32,06
2021-02-25,2021019,12,16,17,24,28,29,08
2021-02-28,2021020,01,03,06,07,09,11,02
2021-03-02,2021021,04,08,17,24,28,33,13
2021-03-04,2021022,10,15,17,25,31,32,06
2021-03-07,2021023,02,21,22,23,27,28,11
2021-03-09,2021024,01,04,06,10,11,18,02
2021-03-11,2021025,06,08,14,17,18,30,11
2021-03-14,2021026,03,05,13,19,20,25,03
2021-03-16,2021027,05,07,09,16,20,26,08
2021-03-18,2021028,11,16,23,26,27,33,05
2021-03-21,2021029,08,10,15,17,22,30,12
2021-03-23,2021030,08,09,13,27,29,31,05
2021-03-25,2021031,06,11,21,25,28,31,07
2021-03-28,2021032,01,05,08,15,16,30,03
2021-03-30,2021033,02,12,13,14,31,33,06
2021-04-01,2021034,04,10,12,18,23,25,01
2021-04-04,2021035,12,14,18,20,26,28,11
2021-04-06,2021036,01,02,06,11,21,26,11
2021-04-08,2021037,13,17,19,24,26,30,12
2021-04-11,2021038,05,07,09,16,18,27,06
2021-04-13,2021039,02,08,21,24,29,31,13
2021-04-15,2021040,02,06,07,24,28,29,16
2021-04-18,2021041,02,09,18,23,26,32,14
2021-04-20,2021042,05,09,10,22,25,27,08
2021-04-22,2021043,02,03,17,18,23,24,01
2021-04-25,2021044,05,07,14,17,26,28,13
2021-07-29,2021085,05,06,07,11,14,20,02
2021-08-01,2021086,06,08,10,14,28,29,01
2021-08-03,2021087,02,13,16,19,23,24,04
2021-08-05,2021088,04,12,15,16,19,26,06
2021-08-08,2021089,01,02,07,13,23,24,12
2021-08-10,2021090,05,06,12,14,27,28,08
2021-08-12,2021091,04,06,16,24,26,33,16
2021-08-15,2021092,02,07,08,10,12,31,03
2021-08-17,2021093,05,11,15,23,28,33,03
2021-08-19,2021094,09,11,24,25,28,33,15
2021-08-22,2021095,08,12,17,24,27,28,13
2021-08-24,2021096,01,07,11,14,15,26,11
2021-08-26,2021097,03,11,12,13,25,28,12
2021-08-29,2021098,01,10,13,18,26,32,05
2021-08-31,2021099,09,11,17,18,20,27,15
2021-09-02,2021100,07,09,12,13,14,29,16
2021-09-05,2021101,02,04,12,22,29,31,01
2021-09-07,2021102,05,09,15,24,27,30,09
2021-09-09,2021103,10,13,15,25,29,30,15
2021-09-12,2021104,01,07,17,20,22,28,15
2021-09-14,2021105,10,14,15,22,27,32,09
2021-09-16,2021106,01,04,07,14,30,31,03
2021-09-19,2021107,02,03,17,19,25,30,01
2021-09-21,2021108,11,15,18,24,26,32,09
2021-09-23,2021109,02,03,10,17,20,26,16
2021-09-26,2021110,10,13,15,24,31,32,02
2021-09-28,2021111,17,20,22,23,26,28,06
2021-09-30,2021112,05,06,21,25,28,33,07
2021-10-05,2021113,04,07,10,22,27,30,02
2021-10-07,2021114,04,06,08,14,24,27,02
2021-10-10,2021115,02,10,12,15,24,27,08
2021-10-12,2021116,06,14,17,18,31,33,06
2021-10-14,2021117,03,05,17,21,27,33,04
2021-10-17,2021118,02,06,14,18,20,31,13
2021-10-19,2021119,03,09,10,11,28,29,13
2021-10-21,2021120,01,07,08,12,13,18,05
2021-10-24,2021121,04,05,12,16,22,30,15
2021-10-26,2021122,04,05,12,15,18,28,07
2021-10-28,2021123,06,14,15,19,29,31,05
2021-10-31,2021124,01,03,18,22,29,32,02
2021-12-19,2021145,04,07,10,14,16,26,09
2021-12-21,2021146,07,09,21,22,26,32,03
2021-12-23,2021147,05,10,11,13,27,28,09
2021-12-26,2021148,10,12,15,17,19,20,08
2021-12-28,2021149,05,10,15,18,19,32,05
2021-12-30,2021150,09,14,20,21,24,26,04
2022-01-02,2022001,06,13,15,17,20,21,03
2022-01-04,2022002,02,12,21,23,25,31,08
2022-01-06,2022003,02,05,16,17,18,30,06
2022-01-09,2022004,05,19,24,28,30,32,14
2022-01-11,2022005,07,10,12,16,19,31,16
2022-01-13,2022006,03,06,09,15,22,31,02
2022-01-16,2022007,01,20,22,23,25,28,16
2022-01-18,2022008,02,03,07,09,20,21,13
2022-01-20,2022009,04,15,17,19,25,28,16
2022-01-23,2022010,12,18,19,20,21,32,15
2022-01-25,2022011,06,15,23,24,25,33,15
2022-01-27,2022012,04,07,08,29,30,31,01
2022-02-08,2022013,02,03,04,07,10,18,15
2022-02-10,2022014,06,07,13,14,15,27,04
2022-02-13,2022015,06,14,16,27,28,31,07
2022-02-15,2022016,05,10,19,20,29,31,14
2022-02-17,2022017,06,09,24,29,30,32,07
2022-02-20,2022018,07,11,16,17,30,32,16
2022-02-22,2022019,05,06,14,20,21,25,08
2022-02-24,2022020,09,11,14,22,30,32,01
2022-02-27,2022021,03,07,22,24,26,31,14
2022-03-01,2022022,01,07,11,15,17,19,06
2022-03-03,2022023,07,12,17,19,24,25,02
2022-03-06,2022024,07,09,10,14,19,24,15
2022-03-08,2022025,06,19,24,25,28,32,04
2022-03-10,2022026,03,04,10,15,22,24,02
2022-03-13,2022027,14,15,18,19,26,32,09
2022-03-15,2022028,05,11,20,22,23,29,09
2022-03-17,2022029,03,08,10,13,26,32,08
2022-03-20,2022030,12,23,24,26,27,30,05
2022-03-22,2022031,01,10,11,22,26,32,07
2022-03-24,2022032,04,10,11,14,23,32,07
2022-03-27,2022033,05,12,19,22,25,26,05
2022-03-29,2022034,14,17,26,31,32,33,10
2022-03-31,2022035,08,12,13,19,23,25,15
2022-04-03,2022036,02,03,14,16,26,31,02
2022-04-05,2022037,01,10,13,20,22,32,14
2022-04-07,2022038,09,12,13,16,24,32,04
2022-04-10,2022039,02,06,07,10,15,20,05
2022-04-12,2022040,03,12,14,16,31,33,12
2022-04-14,2022041,05,07,21,22,24,29,14
2022-04-17,2022042,05,10,11,21,22,30,13
2022-04-19,2022043,02,17,20,23,25,27,08
2022-04-21,2022044,01,07,08,21,23,29,06
2022-04-24,2022045,03,12,17,18,19,28,04
2022-04-26,2022046,02,11,24,25,27,30,14
2022-04-28,2022047,03,07,08,14,27,30,09
2022-05-01,2022048,05,07,17,20,26,31,14
2022-05-03,2022049,02,04,07,18,25,26,10
2022-05-05,2022050,03,05,08,14,27,33,08
2022-05-08,2022051,02,05,11,17,21,33,01
2022-05-10,2022052,07,24,27,29,31,32,15
2022-05-12,2022053,10,14,18,23,27,33,15
2022-05-15,2022054,08,12,21,27,28,33,11
2022-08-18,2022095,04,13,14,18,20,28,08
2022-08-21,2022096,03,16,17,19,25,33,07
2022-08-23,2022097,04,05,10,13,30,31,14
2022-08-25,2022098,02,03,04,06,21,33,05
2022-08-28,2022099,01,11,23,24,26,32,15
2022-08-30,2022100,02,06,07,15,20,21,15
2022-09-01,2022101,04,16,18,19,27,28,04
2022-09-04,2022102,09,10,12,18,29,32,14
2022-09-06,2022103,06,09,12,14,20,28,10
2022-09-08,2022104,01,08,19,25,26,31,01
2022-09-11,2022105,06,12,13,15,21,23,15
2022-09-13,2022106,17,20,22,23,24,31,01
2022-09-15,2022107,03,09,11,15,19,28,16
2022-09-18,2022108,01,07,13,17,18,31,15
2022-09-20,2022109,04,11,13,19,22,33,11
2022-09-22,2022110,09,13,15,18,20,28,15
2022-09-25,2022111,02,10,11,13,28,31,01
2022-09-27,2022112,03,05,08,17,25,31,01
2022-09-29,2022113,13,14,20,24,27,29,02
2022-10-06,2022114,01,05,15,19,26,29,13
2022-10-09,2022115,06,07,18,20,27,29,09
2022-10-11,2022116,08,14,26,27,30,33,01
2022-10-13,2022117,04,13,17,18,28,29,06
2022-10-16,2022118,02,06,07,11,14,33,08
2022-10-18,2022119,02,05,15,18,26,27,04
2022-10-20,2022120,02,15,19,26,27,29,02
2022-10-23,2022121,12,17,22,27,30,31,02
2022-10-25,2022122,06,08,17,19,24,28,05
2022-10-27,2022123,10,13,16,20,21,25,05
2022-10-30,2022124,05,10,13,18,24,26,01
2022-11-01,2022125,02,03,07,12,20,31,16
2022-11-03,2022126,01,13,15,17,26,33,13
2022-11-06,2022127,03,04,09,10,29,33,13
2022-11-08,2022128,03,12,18,24,27,29,01
2022-11-10,2022129,10,12,14,22,24,27,07
2022-11-13,2022130,02,08,15,17,26,28,12
2022-11-15,2022131,03,05,10,13,19,29,06
2022-11-17,2022132,01,03,18,26,32,33,04
2022-11-20,2022133,05,08,16,17,21,25,12
2022-11-22,2022134,01,05,14,17,24,31,14
2022-11-24,2022135,09,11,13,24,28,32,06
2022-11-27,2022136,08,10,14,15,18,22,08
2022-11-29,2022137,08,21,23,27,28,33,01
2022-12-01,2022138,02,14,19,21,25,28,11
2022-12-04,2022139,06,07,09,16,17,19,14
2022-12-06,2022140,08,09,18,19,20,27,15
2022-12-08,2022141,05,12,13,17,20,27,14
2022-12-11,2022142,01,03,13,16,21,27,03
2022-12-13,2022143,07,08,13,29,30,33,03
2022-12-15,2022144,07,20,22,23,31,32,05
2022-12-18,2022145,03,21,25,30,31,33,11
2022-12-20,2022146,06,07,13,18,26,31,06
2022-12-22,2022147,02,03,07,13,20,30,10
2022-12-25,2022148,02,15,16,17,21,31,14
2022-12-27,2022149,02,22,26,29,32,33,14
2022-12-29,2022150,01,07,11,12,22,28,05
2023-01-01,2023001,09,16,18,22,28,32,02
2023-01-03,2023002,02,06,10,16,18,22,13
2023-01-05,2023003,05,08,18,25,30,32,06
2023-01-08,2023004,01,07,15,16,20,25,16
2023-01-10,2023005,02,06,08,13,14,19,16
2023-01-12,2023006,02,10,12,14,24,26,05
2023-01-15,2023007,05,06,09,22,25,31,03
2023-01-17,2023008,05,13,18,20,26,28,06
2023-01-29,2023009,03,04,19,23,30,32,06
2023-01-31,2023010,04,05,13,18,27,29,12
2023-02-02,2023011,06,07,16,17,21,22,04
2023-02-05,2023012,03,04,07,22,26,30,06
2023-02-07,2023013,06,10,14,22,23,33,13
2023-02-09,2023014,06,07,18,23,27,30,05
2023-02-12,2023015,02,03,14,21,29,32,08
2023-02-14,2023016,14,16,19,23,28,30,03
2023-02-16,2023017,05,11,18,20,26,28,12
2023-02-19,2023018,10,12,17,19,25,31,13
2023-02-21,2023019,06,12,26,28,29,32,15
2023-02-23,2023020,01,12,17,18,26,27,05
2023-02-26,2023021,02,05,06,19,21,27,04
2023-02-28,2023022,10,11,18,19,23,31,03
2023-03-02,2023023,05,08,10,15,24,25,09
2023-03-05,2023024,03,06,09,17,27,28,03
2023-03-07,2023025,04,16,20,21,31,32,14
2023-03-09,2023026,01,18,26,30,31,33,03
2023-03-12,2023027,08,10,22,27,32,33,08
2023-03-14,2023028,05,07,10,17,20,22,14
2023-03-16,2023029,03,07,12,24,28,33,08
2023-03-19,2023030,02,03,07,16,30,31,06
2023-03-21,2023031,07,14,27,29,31,33,05
2023-03-23,2023032,06,19,20,26,28,33,01
2023-03-26,2023033,08,09,13,23,24,26,05
2023-03-28,2023034,02,03,09,11,12,17,15
2023-03-30,2023035,01,04,09,10,20,33,06
2023-04-02,2023036,13,14,18,19,24,30,09
2023-04-04,2023037,08,23,25,26,29,31,12
2023-04-06,2023038,02,09,14,17,31,33,08
2023-04-09,2023039,02,03,09,13,19,28,09
2023-04-11,2023040,09,16,17,24,29,31,08
2023-04-13,2023041,01,06,12,13,15,24,06
2023-04-16,2023042,10,17,20,23,27,30,10
2023-04-18,2023043,05,08,12,20,24,28,10
2023-04-20,2023044,02,08,15,22,24,26,16
2023-04-23,2023045,03,06,12,21,27,28,04
2023-04-25,2023046,06,08,17,25,26,28,03
2023-04-27,2023047,05,07,14,23,31,33,07
2023-04-30,2023048,02,03,10,24,28,30,08
2023-05-02,2023049,05,07,14,23,25,27,02
2023-05-04,2023050,02,07,09,14,22,23,05
2023-05-07,2023051,22,26,29,30,32,33,14
2023-05-09,2023052,03,04,05,08,12,17,06
2023-05-11,2023053,01,07,14,20,27,30,15
2023-05-14,2023054,05,06,09,10,15,26,12
2023-05-16,2023055,03,04,20,23,27,32,13
2023-05-18,2023056,08,14,15,18,23,33,08
2023-05-21,2023057,02,05,10,17,24,32,03
2023-05-23,2023058,10,17,22,26,30,33,11
2023-05-25,2023059,02,06,13,22,27,32,06
2023-05-28,2023060,09,11,17,19,30,31,11
2023-05-30,2023061,01,04,06,11,12,22,15
2023-06-01,2023062,11,19,23,24,26,33,15
2023-06-04,2023063,04,08,17,20,22,27,13
2023-06-06,2023064,01,07,11,12,16,18,04
2023-06-08,2023065,02,14,17,20,26,33,14
2023-06-11,2023066,02,07,08,10,26,31,06
2023-06-13,2023067,01,03,12,19,28,32,14
2023-06-15,2023068,11,12,15,18,29,33,02
2023-06-18,2023069,12,14,17,20,21,26,02
2023-06-20,2023070,03,05,25,31,32,33,04
2023-06-22,2023071,05,12,15,19,24,26,06
2023-06-25,2023072,02,06,10,24,25,33,09
2023-06-27,2023073,01,03,15,16,25,32,10
2023-06-29,2023074,02,08,09,18,19,21,03
2023-07-02,2023075,13,15,24,28,30,31,01
2023-07-04,2023076,03,04,15,18,19,22,09
2023-07-06,2023077,07,09,14,22,26,27,01
2023-07-09,2023078,06,08,14,19,30,31,08
2023-07-11,2023079,05,06,09,12,21,22,07
2023-07-13,2023080,01,02,04,09,25,31,08
2023-07-16,2023081,01,11,15,16,22,31,15
2023-07-18,2023082,04,18,19,24,27,30,16
2023-07-20,2023083,07,10,12,16,17,30,12
2023-07-23,2023084,09,13,14,17,19,27,03
2023-07-25,2023085,11,18,23,24,31,33,13
2023-07-27,2023086,08,09,10,22,26,32,12
2023-07-30,2023087,02,09,15,17,28,33,01
2023-08-01,2023088,01,14,18,26,31,33,05
2023-08-03,2023089,08,13,15,27,28,31,11
2023-08-06,2023090,01,02,09,26,30,31,07
2023-08-08,2023091,16,20,22,26,30,32,16
2023-08-10,2023092,03,12,24,25,32,33,13
2023-08-13,2023093,10,21,24,25,27,32,07
2023-08-15,2023094,06,10,12,14,30,31,12
2023-08-17,2023095,03,08,16,17,22,26,11
2023-08-20,2023096,08,11,18,26,31,32,15
2023-08-22,2023097,01,09,14,19,29,30,15
2023-08-24,2023098,02,10,11,14,21,27,11
2023-08-27,2023099,09,11,14,19,27,33,05
2023-08-29,2023100,05,06,12,15,23,25,04
2023-08-31,2023101,01,05,09,15,18,26,04
2023-09-03,2023102,01,09,10,13,21,28,10
2023-09-05,2023103,05,06,13,24,25,29,15
2023-09-07,2023104,10,19,23,25,30,31,12
2023-09-10,2023105,01,03,05,26,30,32,16
2023-09-12,2023106,07,09,10,20,22,24,07
2023-09-14,2023107,03,07,18,25,29,33,14
2023-09-17,2023108,01,03,06,08,18,24,09
2023-09-19,2023109,06,08,10,13,16,28,13
2023-09-21,2023110,02,06,20,25,29,33,16
2023-09-24,2023111,05,06,12,17,20,33,09
2023-09-26,2023112,09,12,13,22,24,31,04
2023-09-28,2023113,01,02,13,18,25,27,03
2023-10-05,2023114,07,09,15,16,17,26,09
2023-10-08,2023115,02,07,16,21,26,27,16
2023-10-10,2023116,02,08,09,13,24,27,12
2023-10-12,2023117,02,11,14,17,18,28,08
2023-10-15,2023118,01,02,11,19,25,29,04
2023-10-17,2023119,01,02,03,19,21,28,15
2023-10-19,2023120,03,08,13,24,27,29,08
2023-10-22,2023121,02,12,16,25,30,31,12
2023-10-24,2023122,07,08,14,18,20,30,05
2023-10-26,2023123,10,13,15,22,29,32,15
2023-10-29,2023124,02,03,17,18,25,30,11
2023-10-31,2023125,11,14,15,27,30,33,04
2023-11-02,2023126,10,24,26,28,29,31,16
2023-11-05,2023127,03,08,19,22,26,32,14
2023-11-07,2023128,07,16,20,21,27,33,01
2023-11-09,2023129,08,09,12,17,32,33,04
2023-11-12,2023130,04,10,17,22,23,32,16
2023-11-14,2023131,06,07,14,20,26,32,01
2023-11-16,2023132,03,09,11,15,25,27,01
2023-11-19,2023133,04,05,10,14,22,25,03
2023-11-21,2023134,05,08,09,17,22,33,04
2023-11-23,2023135,05,06,11,13,28,30,07
2023-11-26,2023136,03,05,10,21,22,26,10
2023-11-28,2023137,03,12,17,19,23,27,11
2023-11-30,2023138,03,22,28,30,31,33,04
2023-12-03,2023139,12,14,19,21,27,31,11
2023-12-05,2023140,03,04,11,14,30,31,05
2023-12-07,2023141,01,08,11,12,21,23,03
2023-12-10,2023142,02,08,20,21,27,33,14
2023-12-12,2023143,05,07,09,16,23,30,15
2023-12-14,2023144,12,16,17,22,25,27,08
2023-12-17,2023145,07,10,21,22,23,24,11
2023-12-19,2023146,02,03,06,11,20,32,09
2023-12-21,2023147,05,06,14,16,19,32,12
2023-12-24,2023148,03,05,07,09,19,20,08
2023-12-26,2023149,02,10,19,24,26,33,15
2023-12-28,2023150,10,17,25,26,30,33,05
2023-12-31,2023151,01,15,16,20,25,27,05
2024-01-02,2024001,03,07,16,26,27,32,16
2024-01-04,2024002,04,09,10,17,19,20,09
2024-01-07,2024003,01,05,08,13,32,33,03
2024-01-09,2024004,09,13,17,18,21,27,04
2024-01-11,2024005,05,06,20,23,25,32,03
2024-01-14,2024006,07,18,20,21,26,32,05
2024-01-16,2024007,04,05,06,07,20,22,15
2024-01-18,2024008,08,20,21,23,27,30,13
2024-01-21,2024009,01,04,07,10,17,23,14
2024-01-23,2024010,11,16,20,21,23,24,04
2024-01-25,2024011,08,12,16,20,27,31,06
2024-01-28,2024012,01,03,07,18,22,28,15
2024-01-30,2024013,01,07,10,14,21,25,07
2024-02-01,2024014,01,02,10,22,24,25,13
2024-02-04,2024015,03,08,17,18,20,30,15
2024-02-06,2024016,07,12,20,24,32,33,04
2024-02-18,2024017,04,17,19,20,25,32,04
2024-02-20,2024018,06,15,17,24,28,29,16
2024-02-22,2024019,05,11,12,16,17,20,08
2024-02-25,2024020,03,08,12,14,17,33,08
2024-02-27,2024021,04,06,16,17,23,24,11
2024-02-29,2024022,02,09,11,14,18,26,06
2024-03-03,2024023,01,10,22,25,28,32,10
2024-03-05,2024024,03,07,21,24,26,30,10
2024-03-07,2024025,08,15,21,22,25,33,13
2024-03-10,2024026,04,07,18,19,20,25,06
2024-03-12,2024027,02,06,13,27,28,32,13
2024-03-14,2024028,03,07,08,11,18,19,05
2024-03-17,2024029,12,18,23,25,28,33,04
2024-03-19,2024030,01,08,22,25,29,33,10
2024-03-21,2024031,09,10,13,25,30,32,02
2024-03-24,2024032,01,03,04,11,12,21,16
2024-03-26,2024033,06,10,11,18,20,32,05
2024-03-28,2024034,02,09,12,19,21,31,04
2024-03-31,2024035,05,07,14,17,22,32,06
2024-04-02,2024036,02,08,09,12,21,31,02
2024-04-04,2024037,01,04,05,06,12,14,13
2024-04-07,2024038,08,10,18,23,27,31,02
2024-04-09,2024039,02,06,12,29,30,31,10
2024-04-11,2024040,11,14,18,19,23,26,02
2024-04-14,2024041,02,09,12,22,25,33,16
2024-04-16,2024042,02,04,05,14,26,32,14
2024-04-18,2024043,04,06,07,14,15,24,08
2024-04-21,2024044,02,06,17,25,32,33,06
2024-04-23,2024045,02,08,19,23,24,26,03
2024-04-25,2024046,02,06,10,11,17,29,15
2024-04-28,2024047,07,08,21,26,29,30,15
2024-04-30,2024048,02,09,15,19,26,28,02
2024-05-02,2024049,12,15,17,23,26,32,11
2024-05-05,2024050,01,03,07,10,22,33,02
2024-05-07,2024051,05,09,13,20,23,28,06
2024-05-09,2024052,07,10,11,15,17,21,03
2024-05-12,2024053,07,14,21,22,28,33,07
